3184
8.5

-20.5
-41.0
-23.0
-16.0
-17.0
-44.5
-22.0
5.5
-21.5
-42.0
-24.0
-17.0
-16.5
-44.0
-21.5
6.0
-22.5
-43.0
-25.0
-18.0
-16.0
-43.5
-21.0
6.5
-23.5
-44.0
-26.0
-19.0
-15.5
-43.0
-20.5
7.0
-24.5
-45.0
-27.0
-20.0
-15.0
-42.5
-20.0
7.5
-25.5
-46.0
-28.0
-21.0
-14.5
-42.0
-19.5
8.0
-44.5
-47.0
-27.0
-22.0
-48.0
-41.5
-13.0
8.5
-19.0
-19.0
-19.0
-19.0


2160
56.0

4.5
-13.5
2.0
11.5
23.0
-2.0
18.0
48.0
-14.5
10.5
-1.5
48.5
8.5
-7.5
6.0
17.5
15.0
-8.0
10.0
42.0
8.0
-8.0
5.5
17.0
16.0
-7.0
11.0
43.0
7.5
-8.5
5.0
16.5
17.0
-6.0
12.0
44.0
-9.0
16.0
-5.0
45.0
-29.5
-4.5
6.0
56.0
-16.5
-16.5
-16.5
-16.5


2128
118.5

42.0
26.0
39.5
51.0
75.5
52.5
70.5
102.5
25.5
50.5
53.5
103.5
51.0
35.0
48.5
60.0
57.5
34.5
52.5
84.5
50.5
34.5
48.0
59.5
58.5
35.5
53.5
85.5
50.0
34.0
47.5
59.0
59.5
36.5
54.5
86.5
33.5
58.5
37.5
87.5
3.0
28.0
68.5
118.5
51.5
51.5
51.5
51.5


2112
196.0

94.5
78.5
92.0
103.5
143.0
120.0
138.0
170.0
78.0
103.0
121.0
171.0
108.5
92.5
106.0
117.5
115.0
92.0
110.0
142.0
108.0
92.0
105.5
117.0
116.0
93.0
111.0
143.0
107.5
91.5
105.0
116.5
117.0
94.0
112.0
144.0
91.0
116.0
95.0
145.0
50.5
75.5
146.0
196.0
109.0
109.0
109.0
109.0


2112
253.5

162.0
146.0
159.5
171.0
225.5
202.5
220.5
252.5
145.5
170.5
203.5
253.5
181.0
165.0
178.5
190.0
187.5
164.5
182.5
214.5
180.5
164.5
178.0
189.5
188.5
165.5
183.5
215.5
180.0
164.0
177.5
189.0
189.5
166.5
184.5
216.5
163.5
188.5
167.5
217.5
-32.5
-7.5
93.0
143.0
181.5
181.5
181.5
181.5


